0, 250 , 500, 750, 1000, 1500, 2000, 2500, 2750 , 3000, 3250, 3500, 3750
53300, 44500,  39700,  35400, 30500, 21600, 15000, 4000, 600, -2650, -2700, -2800, -2800




0, 250 , 500, 750, 1000, 1500, 2000, 2500, 2750 , 3000, 3250, 3500, 3750
47900, 41500, 37900, 31800, 28000, 18800, 7500, -1500, -1800, -1800




0, 250 , 500, 750, 1000, 1500, 2000, 2500, 2750 , 3000, 3250, 3500, 3750
51500, 45500, 41600, 38200, 34200, 25200, 14000, 2300, 1000, -3500, -3600, -3700,-3700 




0, 250 , 500, 750, 1000, 1500, 2000, 2500, 2750 , 3000, 3250, 3500, 3750
52600, 44000, 41600, 36500, 30600, 21600, 9100, -2500, -3300, -3400, -3400,   




0, 250 , 500, 750, 1000, 1500, 2000, 2500, 2750 , 3000, 3250, 3500, 3750
49000, 45400, 40600, 35800, 31100, 22500, 15600, 4900, 300, 200, 200 




###############################################################################3
data from video: foot1
  
senosor 1:
0, 309, 600,  756, 1057, 1287, 1503, 1779, 2011, 2319, 2448, 2743,2927, 3031,3212, 3253, 3298, 3348,3417, 3457, 3580, 3600, 3649,  
1200, 12200, 14800, 17100, 21000, 28800, 29000, 31100, 34900, 39000,  42800, 43100, 47600, 49600, 50400, 51300, 52200, 52900, 53300, 55100, 54800,  55800,  56000,       

0, 223, 500, 707, 1008, 1230, 1522,  1718, 1847, 2098, 2275, 2495, 2814, 3043, 3242, 3475, 3575,3629,  3517, 3519, 3486, 3476, 3329, 
1100, 11700, 13300, 15800, 19100, 22500, 27600, 28300, 30200, 32400, 36000, 37200, 41300, 48400, 49100, 51700,  52900, 52700,  50900, 51600, 50400, 51600,  49700,    



sensor 2: problem: do again
0,  256, 851, 1032, 1383, 1728, 1952, 2122, 2222, 2430, 2535, 2757, 2824, 3110, 3225, 3097, 3138, 3190, 3225, 3308, 3276, 3189, 3029, 3217, 3323, 3029, 3319, 3323, 3246, 3215, 2468, 1637, 1289, 890, 674, 357,   317, 
1800, 12500, 13500, 16700,  16400, 17000, 19200, 20900,  21600, 29500, 30200,  31300, 31800, 35300, 36000, 34500, 32800, 34300, 37100, 35300, 34900,  33500, 35200,  41200, 34500,  40300, 41300, 41200, 39300,  25300, 18500, 13500, 9900, 6200, 4400,   4300, 


    
282, 214,  1659, 1714, 1938, 2080, 2271,   2402, 2506, 1349, 1680, 2098, 2359, 2549, 2740,  3071, 3164, 3207, 3289, 3349, 3418, 3361, 898, 1486, 1614, 1733, 2024,  2198, 2333, 2498, 

4200, 5300, 35600, 36900, 38100, 41300, 42500, 43400, 43600, 32800, 37600, 40400, 42600, 45000, 47500, 50600, 50700, 50700, 50700, 50900, 50900, 50800, 24200, 30100, 31700, 33500, 40700, 43400,  43900, 47600, 
 

sensor 3: 
0,  269, 357, 450,  664, 708, 934, 1079 , 1139, 1378, 1616, 1833, 2166, 2265, 2452, 2667, 2796, 2946, 3118, 2916, 2662,   2349, 2007,   1513,  963, 673, 593, 510, 347, 268,  1399, 1656, 840, 1166, 1427, 1696, 2121, 2321, 2656, 2951,  2504, 3141, 3331, 3518, 
700, 11700, 12700, 13500,  14500, 15100, 17600,  18300, 19400, 24100, 15600, 30600, 32200, 35300, 37700, 40200, 41600, 43000, 44200, 41400, 32500, 2349, 20100, 15200, 12300, 11700, 11300, 9100, 7600, 6000, 20500, 23600, 12900, 17700, 20100, 23900, 29400, 33600, 37000, 37300, 31800, 39700, 39100, 41500, 



sensor4:    do again:
 
0, 174, 303, 563, 634, 793, 970, 1051, 1242, 1553, 1906, 2008, 2274, 2348, 2421, 2504, 2617, 2740, 2896, 2930,  3031,  3231, 3573,   3711, 1261, 1001, 698, 422, 291,
1500, 9700, 11600, 14300, 13400, 16600, 19200, 17300, 20300 , 24900, 26800, 29300, 32300, 33400, 33600, 34400,  35400, 36500, 38100, 38700, 39300, 42000, 44800, 44500, 16300, 14100, 8000, 5900, 5000, 

 
452, 849, 1132, 1393,  1598 , 2065, 2312, 2320,  2423,  2872,  3013, 3254, 3500, 3006, 2325, 1766, 1412, 1273, 1062, 854, 693, 304,   182
10600, 15000, 17700, 21200, 22700, 26800, 31000,  31100, 31800, 32100, 31600, 31000, 32000, 31500, 26600,  21400, 17900, 15600, 13900, 11300, 8400, 3900, 2900



sensor5: 
0,  2738, 3032, 3370, 186, 526, 1335, 2045, 2335, 2476, 2896, 3014, 3296, 480, 928,  
4700,   47600, 47700, 47700, 12200, 23000,  35100, 42300, 45900, 47500, 47700, 47800, 47800, 10400, 24200,  


###################################################################################4

data from video: part2: foot 1:
initial bias: -2400, -3400, -3100, -2700, -3000

sensor1: 

0,     288,   488,  1438,  1628,   1889,  2052,   2228, 2590, 2886,  2997,  3089,  3108,    3204,   3374, 3414,  3508,  3602,  3778,  3878,   4000,  3434,   1324,  
-2400, 8500, 15600, 21900, 27900, 30300, 32900, 34900, 40800, 42900, 47200,  50300, 51500,  53000, 54700, 55600, 56100, 56200, 56200, 56200 , 50600, 50600, 20100, 


sensor2: 
init bias : -1500, -1500, -3100, -1400, -2400, 

0,       468,  968,  3399,  3442,  3510,  4000, 298 , 190,   1999,   3186,   2228, 
-1300, 21100, 25300, 50800, 50800, 50800, 50800, 6300, 5400, 27600, 50800, 45800,



###################################################################################
trial3: foot 1:

inital bias: 3100, 3500, 1000, 1000, 2000,

sensor 1: 
0,        350,    508,   1039,    1564,  2324,     3104,  3325,   2518,   2274,  2188,   1772,   1509,   1332,     829,   539,    432,   270,     224,  2034,  2212,    2425,  2312,  2994,    3024,  3152,  3030,    2864,   2724,  2750,   1749,   2364,   1673,  2144,   2475,  2524,    2635,   2841,  2949,   3036,   3100,   2161,  1925,   1590,   1390,  1210,   1058,    922,     656,    348,   1522,    2005,  2424,   2617,   2733,  2872,   3089,   3125,   1389,   891,    432,    198,   1106,   2144,  2828,    3062,   3188,  2482,  2832,   2274,   1715,   1329,   1224,   738,     306,   1334,   1506,  2103,   2712,   2929,   3014,  3100,    2720,   2124,  1688,   1528,   935,     839,     623,    519,    145,   1256,  1576,   2294,   2499,  2995,   3032,   3132,  3152,   1328,    689,    452,     343,   2656,  
3000, 13300, 17100, 27200, 33900, 46600,  56300, 56200, 49100, 46500, 43000, 38300, 30600, 28800, 20900, 14700, 12800, 8100, 7400, 44400, 45300, 48900, 49100, 56200, 56300, 56300, 56300, 54500, 54100, 54700, 40000, 49900, 38000, 44600, 51100, 51900, 54800, 56100, 56200, 56300, 56300, 47000, 43300, 35600, 33900, 31200, 28200, 26500, 21000, 10600, 32900, 40700, 47500, 51700, 53200, 35300, 56200, 56300, 25900, 21000, 13200, 6500, 29900, 44600, 56000, 56200, 56300, 48900, 56200, 45500, 38200, 30800, 26900, 19400,  7900, 32200, 32700, 44500, 53100, 56200, 56200,  56300, 54500, 45000, 34600, 33500, 21800, 21000, 17800, 16200, 3800, 32600, 33500, 46500, 48500, 56200, 56300, 56300, 56400, 21200, 17900, 13700, 11900, 53200,

sensor 2: 
intial bias: 800, 2300, 900, -800, 5200

0,        471,     682,    890,     985,     993,   1083,   1200,   1367,   1642,  1806,  2018,   2125,   2392,   2397,   2245,   2199,  2079,   1888,   1733,  1623,   1597,   1352,  1251,   1173,   1031,    956,   836,     679,     545,    420,   243,    517,   1236,  2163,   
2300, 19900, 23300, 26300, 27400, 27600, 29600, 32400, 33900, 38100, 41000, 44900, 46900, 49200, 49200, 49000, 47900, 45800, 43400, 40400, 37700, 37100, 34100, 32200, 29800, 26800, 24600, 22000, 19800, 16700,14200, 8200, 16100,33600, 47300,

bias changed:  4100, 4000, 2300, 2900, 3500

2332,     1839,   1582,  1250,   1052,    823,     318,   1769,   2320,  2388,    2145 ,  1214,     861,    545,   2022,   2400,    1716,  1536,    2318,    924,    2224,   1432, 1123,   305,   2302,   1764,    1138,   377,    2356,    1536,   311,  
50800,  43500, 37700, 31700, 28500, 23400, 11800, 43600, 50800, 50900,  50100,  29100, 24600, 14300, 49000, 50800, 43100, 42300,  50800, 26500, 50800,  34700, 28900, 9600, 50800, 41700, 28200, 15700, 50900,  37500, 13100,


sensor3: 
initial bias: 4700, 5300, 2100, 4600, 3700

   0,    863,    1235,  1550,   2388,   3131,   1479,   1735,  1833,   2156,   2335,   3144,  3155,    2333,   1652,  1233,    533,    3055,   3013,   1772,  1014,   655,   143,     31,   1374,   1735,   2014,  2024,   2790,   3118,   1937,   1062,  2823,  2573,    1300,  196,   1587,   2072,  2145,  2315,  3199    3283,  2952,  1022,   136,  2929,  3280,   1871,   1449,   1289,  2183,  2351,    2858,   3168,  199,   3200
2100,25800, 33900, 36000, 48500, 54100, 36600, 39900, 41200, 47200, 49500, 54200, 54200,  48700, 37400, 29600, 15900, 54100, 54100, 33100, 23600, 17800, 3700, 2300, 36900, 41800, 47300, 48400, 54100, 54100, 40100, 21500, 54100, 52400, 28900, 5600, 36700, 45500,45900,47200, 54100, 54200, 54000, 20700, 3300,54000, 54200, 40700, 34100, 31300,44400, 48000,  54100, 54200,3100, 54200


sensor4:
initial bias: 4700, 4800, 4500, 2500, 6100

    0,    1482,  1768,   1800,  2104,  2335,    2525,  2663,     2288,   2035,   1250,    730,  1513,  1653,  1963,   2051,   2525,   2635,    2522,  1352,    1996,  2225,  2596,   2625,   2384,   2335,  1562,   1247,    766,    495,   252,     1685,  2115,   2537,   2599,    2256,  1887,   1475,  1286,  1152,   952,      857,    622,    585,   413,   205,   1399,  1660,  1818,   2004,   2280,   858,    1612,   1785,  2252,   2599,   1053,    2036,   2335,  2533,   1388,    821,    333,    1899,  2201,  2483,   2393,   1186,   1592,   1878,  2373,     2414,  2143,   1689,   1088,   1861,  3230,  1285,   522,     284,  2222,  2478,   1424,    929,  267,     819,   1377,    2219,   2337,  2515,    1838,  1239,   700,     569,    357,  2183,  2340,    2596,  1932,  1514,    836 , 302
2500, 37000, 41400, 42400, 49800, 53500, 56500, 56600,  51000, 46600, 32100, 21100,36600, 42200, 46000,  47800,54900, 56600,  55400, 35500, 45400, 51000, 56400, 56600, 52200, 53400, 38600, 33000, 22600,17000, 11200, 41800, 50200, 56500, 56600, 53800, 46800, 37800,32200, 30200, 25900, 24300, 19400, 17700,12600,9700, 38000,42400, 45400, 49000, 53300, 27500, 39600, 42500, 50900, 56600,  30600, 48900, 53400,  56600, 24900, 22700, 11800,42800, 50400, 56500, 56100, 31300, 41000, 44500, 55600, 52400, 49400, 38200, 27100, 46300, 55600,33800, 18000,11300,54200, 56500, 37800, 25200,13000, 23900, 33600, 53800, 56500, 56600,  41100, 30100,19900,16800, 12000,52900, 55700, 56600, 42600, 31700,24000, 6800


sensor5:
intial bias: 8800, 4900, 3100, 3200, 6100

  
   0,     221,    288,    756,    1099,    1229,   2098,    2385,    2004,  1692,  1299,    1085,   896,     686,   496,    298,   1606,  2307,  2482,    2404,  2274,  1600,   1112,     879,   487,      654,   1433,   2378,   2473,   2584,, 2098,   1972,   1236,   265,   196,   488,    1652,  1856,  2018,   2231,   2555,   1534,    856,   148,    715,    2554, 2424,   1885,  1525,    1386,   1162,    871,   521,   1303,   1558,   1795,  2032, 2137,   2245,   2374,  2478,   2076,   1162,  952,    572,     346,   288,  1250,    1503,  1900,   2256,  2554,   2271,  1364,  909,      747,     523,   345,   231,    654,   1522,    2256,  2375,   2451,    2232,   2028,   1565,   1026,  275, 1224,    1611,   1855, 1953, 2178,  2354,  2706,   1962,   1688,  1165,    837,  654,    555,  156,   559,    1580,  2183,   2306, 2453,   2569,   2324,   1677, 1289,  1055,      872,  209,    1586,  2469, 2108,     1088,    756,   290,  585,    2056,    2231,  2424,  2142,   1656,   1165,   882,      447,   357,  56,
6100, 9500, 11800,  24800, 26000,  29800,  43500, 47700,  40200, 32400, 25700, 21000, 19000, 17000,11900, 8700, 38200,46900, 47800,  45600, 40400, 30500, 25300, 19000, 13500, 16300, 35100, 47600, 47700,  47800,41400, 40600, 27100, 8800, 6800, 14200, 36100,39900, 44800,47600, 47700,  38000, 20800, 6500, 18600, 47800,47700, 38600,  35200, 27600, 26100, 20500,11400, 29900, 36200, 38400,42400,46200, 47500, 47600, 47800, 40000, 26000,21600,13100, 10900,8600, 30200, 34000, 40200, 46400,47700,  44300, 28300,18800, 17900, 14200,10700, 8000, 16000, 36000, 47300, 47700, 47800,  43600, 41400, 33700, 20900, 8700,25200, 37800, 4100, 42200,47600, 47600,47700, 40200, 33400, 23500,18800,15500,15500,7900,17800, 35300, 44300,47600,47700, 47800, 45900, 35300, 26000,22100, 20000, 8100, 38200, 47800,42800, 21900, 17800, 8400, 15900, 44200, 45400, 47700, 43300, 34300, 27300, 19500,13600, 10700,6900,
 
 
 
 ###############################################################################
 
 trial4: tentative final: foot1:
 
 sensor 1:
 initital bias:  3200, 3800, 2000,  1600, 3800
 
 sensor 1:
 
 0,       480,   882,   1086,   1473,  1802,   2095,   2556,  2786,  3002,    
 3100,11800,18400,20600,28000, 33000, 37200, 41400, 44600, 55000,
 
 